# BRON: KONINKLIJK NEDERLANDS METEOROLOGISCH INSTITUUT (KNMI)
# Opmerking: door stationsverplaatsingen en veranderingen in waarneemmethodieken zijn deze tijdreeksen van dagwaarden mogelijk inhomogeen! Dat betekent dat deze reeks van gemeten waarden niet geschikt is voor trendanalyse. Voor studies naar klimaatverandering verwijzen we naar de gehomogeniseerde reeks maandtemperaturen van De Bilt <http://www.knmi.nl/kennis-en-datacentrum/achtergrond/gehomogeniseerde-reeks-maandtemperaturen-de-bilt> of de Centraal Nederland Temperatuur <http://www.knmi.nl/kennis-en-datacentrum/achtergrond/centraal-nederland-temperatuur-cnt>.
#  Hoogste uurgemiddelde winsnelheid 10 m in tiende m/s
#
# STN      LON(east)   LAT(north)     ALT(m)  NAME
# 240:         4.790       52.318      -3.30  SCHIPHOL
#
# YYYYMMDD = Datum (YYYY=jaar MM=maand DD=dag);
# FHX      = Hoogste uurgemiddelde windsnelheid (in 0.1 m/s);
#
# STN,YYYYMMDD,  FHX
#
  240,20101101,   30
  240,20101102,  110
  240,20101103,  120
  240,20101104,  140
  240,20101105,  140
  240,20101106,   50
  240,20101107,   70
  240,20101108,   80
  240,20101109,   70
  240,20101110,   50
  240,20101111,  140
  240,20101112,  150
  240,20101113,   70
  240,20101114,  120
  240,20101115,   70
  240,20101116,   30
  240,20101117,   50
  240,20101118,   30
  240,20101119,   40
  240,20101120,   40
  240,20101121,   70
  240,20101122,   70
  240,20101123,   60
  240,20101124,   50
  240,20101125,   40
  240,20101126,   50
  240,20101127,   50
  240,20101128,   70
  240,20101129,   70
  240,20101130,  100
  240,20101201,  120
  240,20101202,   70
  240,20101203,   60
  240,20101204,  100
  240,20101205,   80
  240,20101206,   30
  240,20101207,   50
  240,20101208,   50
  240,20101209,  100
  240,20101210,   90
  240,20101211,  100
  240,20101212,  100
  240,20101213,   70
  240,20101214,   70
  240,20101215,   50
  240,20101216,   90
  240,20101217,   80
  240,20101218,   60
  240,20101219,   70
  240,20101220,   40
  240,20101221,   50
  240,20101222,   70
  240,20101223,  110
  240,20101224,  100
  240,20101225,   50
  240,20101226,   50
  240,20101227,   60
  240,20101228,   50
  240,20101229,   40
  240,20101230,   30
  240,20101231,   40
  240,20110101,   60
  240,20110102,   60
  240,20110103,   40
  240,20110104,   80
  240,20110105,   80
  240,20110106,   60
  240,20110107,   70
  240,20110108,  140
  240,20110109,   90
  240,20110110,   70
  240,20110111,   90
  240,20110112,   70
  240,20110113,  100
  240,20110114,  140
  240,20110115,  110
  240,20110116,   80
  240,20110117,   80
  240,20110118,   50
  240,20110119,   60
  240,20110120,   60
  240,20110121,   40
  240,20110122,   60
  240,20110123,   60
  240,20110124,   60
  240,20110125,  100
  240,20110126,   70
  240,20110127,   80
  240,20110128,   70
  240,20110129,   70
  240,20110130,   50
  240,20110131,   30
  240,20110201,   60
  240,20110202,   90
  240,20110203,  110
  240,20110204,  170
  240,20110205,  170
  240,20110206,  160
  240,20110207,  140
  240,20110208,   60
  240,20110209,   50
  240,20110210,   70
  240,20110211,   50
  240,20110212,   70
  240,20110213,   60
  240,20110214,   60
  240,20110215,   60
  240,20110216,   60
  240,20110217,   70
  240,20110218,   50
  240,20110219,   70
  240,20110220,   70
  240,20110221,   60
  240,20110222,   50
  240,20110223,   80
  240,20110224,   70
  240,20110225,   60
  240,20110226,   90
  240,20110227,  130
  240,20110228,   60
  240,20110301,   80
  240,20110302,   80
  240,20110303,   70
  240,20110304,   50
  240,20110305,   60
  240,20110306,   70
  240,20110307,   60
  240,20110308,   70
  240,20110309,  100
  240,20110310,  140
  240,20110311,   80
  240,20110312,   60
  240,20110313,   50
  240,20110314,   50
  240,20110315,   70
  240,20110316,   90
  240,20110317,   60
  240,20110318,   50
  240,20110319,   50
  240,20110320,   40
  240,20110321,   50
  240,20110322,   50
  240,20110323,   30
  240,20110324,   50
  240,20110325,   50
  240,20110326,   50
  240,20110327,   40
  240,20110328,   50
  240,20110329,   40
  240,20110330,   80
  240,20110331,  120
  240,20110401,  110
  240,20110402,   90
  240,20110403,   50
  240,20110404,   80
  240,20110405,  110
  240,20110406,   80
  240,20110407,   80
  240,20110408,   70
  240,20110409,   60
  240,20110410,   50
  240,20110411,  100
  240,20110412,  100
  240,20110413,   60
  240,20110414,   40
  240,20110415,   40
  240,20110416,   50
  240,20110417,   40
  240,20110418,   60
  240,20110419,   40
  240,20110420,   50
  240,20110421,   40
  240,20110422,   50
  240,20110423,   60
  240,20110424,   50
  240,20110425,   70
  240,20110426,   80
  240,20110427,   70
  240,20110428,   60
  240,20110429,   90
  240,20110430,   90
  240,20110501,  100
  240,20110502,  110
  240,20110503,   80
  240,20110504,   50
  240,20110505,   40
  240,20110506,   50
  240,20110507,   80
  240,20110508,   70
  240,20110509,   50
  240,20110510,   40
  240,20110511,   60
  240,20110512,   90
  240,20110513,   60
  240,20110514,   80
  240,20110515,   90
  240,20110516,  100
  240,20110517,   70
  240,20110518,   80
  240,20110519,   40
  240,20110520,   70
  240,20110521,   40
  240,20110522,  120
  240,20110523,  100
  240,20110524,  100
  240,20110525,   50
  240,20110526,  120
  240,20110527,   90
  240,20110528,  110
  240,20110529,  120
  240,20110530,   70
  240,20110531,   70
  240,20110601,   60
  240,20110602,   70
  240,20110603,  100
  240,20110604,  100
  240,20110605,   80
  240,20110606,   50
  240,20110607,   60
  240,20110608,   90
  240,20110609,   80
  240,20110610,   50
  240,20110611,   70
  240,20110612,   60
  240,20110613,   80
  240,20110614,   50
  240,20110615,   80
  240,20110616,   90
  240,20110617,   70
  240,20110618,  120
  240,20110619,  110
  240,20110620,   40
  240,20110621,  100
  240,20110622,  100
  240,20110623,   90
  240,20110624,   90
  240,20110625,   70
  240,20110626,   50
  240,20110627,   60
  240,20110628,   70
  240,20110629,   80
  240,20110630,   80
  240,20110701,   80
  240,20110702,   70
  240,20110703,   70
  240,20110704,   40
  240,20110705,   50
  240,20110706,   90
  240,20110707,   70
  240,20110708,   90
  240,20110709,   90
  240,20110710,   60
  240,20110711,   40
  240,20110712,  100
  240,20110713,   80
  240,20110714,  140
  240,20110715,   80
  240,20110716,   90
  240,20110717,  100
  240,20110718,  100
  240,20110719,   60
  240,20110720,   50
  240,20110721,   50
  240,20110722,   80
  240,20110723,  100
  240,20110724,  110
  240,20110725,   50
  240,20110726,   50
  240,20110727,   40
  240,20110728,   60
  240,20110729,   60
  240,20110730,   60
  240,20110731,   40
  240,20110801,   30
  240,20110802,   50
  240,20110803,   50
  240,20110804,   60
  240,20110805,   60
  240,20110806,   60
  240,20110807,  110
  240,20110808,  110
  240,20110809,  110
  240,20110810,  100
  240,20110811,  110
  240,20110812,   60
  240,20110813,   50
  240,20110814,   70
  240,20110815,   60
  240,20110816,   80
  240,20110817,   50
  240,20110818,   60
  240,20110819,   80
  240,20110820,   50
  240,20110821,   80
  240,20110822,   50
  240,20110823,   60
  240,20110824,   50
  240,20110825,   60
  240,20110826,   80
  240,20110827,   70
  240,20110828,   80
  240,20110829,   90
  240,20110830,   50
  240,20110831,   50
  240,20110901,   30
  240,20110902,   50
  240,20110903,   50
  240,20110904,   70
  240,20110905,  120
  240,20110906,  130
  240,20110907,  110
  240,20110908,   90
  240,20110909,   60
  240,20110910,   70
  240,20110911,   90
  240,20110912,  170
  240,20110913,  110
  240,20110914,   90
  240,20110915,   40
  240,20110916,   60
  240,20110917,   80
  240,20110918,   60
  240,20110919,   80
  240,20110920,   80
  240,20110921,   80
  240,20110922,   80
  240,20110923,   60
  240,20110924,   40
  240,20110925,   50
  240,20110926,   80
  240,20110927,   30
  240,20110928,   40
  240,20110929,   50
  240,20110930,   40
  240,20111001,   30
  240,20111002,   40
  240,20111003,   70
  240,20111004,   80
  240,20111005,  110
  240,20111006,  130
  240,20111007,  110
  240,20111008,   70
  240,20111009,   90
  240,20111010,  120
  240,20111011,  120
  240,20111012,   40
  240,20111013,   40
  240,20111014,   50
  240,20111015,   50
  240,20111016,   40
  240,20111017,  100
  240,20111018,  110
  240,20111019,   80
  240,20111020,   60
  240,20111021,   70
  240,20111022,   70
  240,20111023,   60
  240,20111024,   90
  240,20111025,   90
  240,20111026,   70
  240,20111027,   60
  240,20111028,   40
  240,20111029,   40
  240,20111030,   50
  240,20111031,   50
  240,20111101,   60
  240,20111102,   60
  240,20111103,   60
  240,20111104,  100
  240,20111105,   40
  240,20111106,   70
  240,20111107,   80
  240,20111108,   50
  240,20111109,   30
  240,20111110,   60
  240,20111111,   70
  240,20111112,   50
  240,20111113,   40
  240,20111114,   40
  240,20111115,   50
  240,20111116,   40
  240,20111117,   40
  240,20111118,   50
  240,20111119,   20
  240,20111120,   20
  240,20111121,   20
  240,20111122,   20
  240,20111123,   40
  240,20111124,   70
  240,20111125,   90
  240,20111126,  100
  240,20111127,  150
  240,20111128,   60
  240,20111129,  110
  240,20111130,   80
  240,20111201,   90
  240,20111202,   70
  240,20111203,  130
  240,20111204,  100
  240,20111205,  120
  240,20111206,  100
  240,20111207,  160
  240,20111208,  160
  240,20111209,  140
  240,20111210,   80
  240,20111211,   70
  240,20111212,  100
  240,20111213,  140
  240,20111214,  110
  240,20111215,  120
  240,20111216,   90
  240,20111217,   90
  240,20111218,   70
  240,20111219,   90
  240,20111220,   90
  240,20111221,   50
  240,20111222,   60
  240,20111223,  120
  240,20111224,  110
  240,20111225,  110
  240,20111226,   90
  240,20111227,   90
  240,20111228,  110
  240,20111229,  130
  240,20111230,  120
  240,20111231,   70
  240,20120101,  110
  240,20120102,   80
  240,20120103,  170
  240,20120104,  150
  240,20120105,  150
  240,20120106,  120
  240,20120107,  120
  240,20120108,   90
  240,20120109,   80
  240,20120110,   50
  240,20120111,   80
  240,20120112,  140
  240,20120113,   80
  240,20120114,   40
  240,20120115,   40
  240,20120116,   30
  240,20120117,   40
  240,20120118,   90
  240,20120119,  120
  240,20120120,  120
  240,20120121,  140
  240,20120122,  150
  240,20120123,   90
  240,20120124,   40
  240,20120125,   60
  240,20120126,   80
  240,20120127,   70
  240,20120128,   40
  240,20120129,   60
  240,20120130,   40
  240,20120131,   90
  240,20120201,  100
  240,20120202,   80
  240,20120203,   80
  240,20120204,   50
  240,20120205,   60
  240,20120206,   30
  240,20120207,   80
  240,20120208,   90
  240,20120209,   60
  240,20120210,   60
  240,20120211,   40
  240,20120212,   50
  240,20120213,   60
  240,20120214,   90
  240,20120215,  110
  240,20120216,   60
  240,20120217,   70
  240,20120218,  110
  240,20120219,   90
  240,20120220,   80
  240,20120221,   90
  240,20120222,  130
  240,20120223,  120
  240,20120224,   80
  240,20120225,   70
  240,20120226,   50
  240,20120227,   80
  240,20120228,   60
  240,20120229,   60
  240,20120301,   30
  240,20120302,   60
  240,20120303,   60
  240,20120304,   50
  240,20120305,   60
  240,20120306,   50
  240,20120307,  100
  240,20120308,   80
  240,20120309,   90
  240,20120310,   70
  240,20120311,   60
  240,20120312,   50
  240,20120313,   40
  240,20120314,   30
  240,20120315,   40
  240,20120316,   60
  240,20120317,   60
  240,20120318,   80
  240,20120319,   60
  240,20120320,   70
  240,20120321,   50
  240,20120322,   70
  240,20120323,   40
  240,20120324,   50
  240,20120325,   50
  240,20120326,   60
  240,20120327,   40
  240,20120328,   60
  240,20120329,   90
  240,20120330,   80
  240,20120331,   90
  240,20120401,   70
  240,20120402,   60
  240,20120403,   50
  240,20120404,   80
  240,20120405,   70
  240,20120406,   60
  240,20120407,   60
  240,20120408,   80
  240,20120409,   90
  240,20120410,  100
  240,20120411,   80
  240,20120412,   50
  240,20120413,   40
  240,20120414,   60
  240,20120415,   90
  240,20120416,   70
  240,20120417,  120
  240,20120418,   90
  240,20120419,   90
  240,20120420,   60
  240,20120421,   70
  240,20120422,  100
  240,20120423,   80
  240,20120424,   50
  240,20120425,  100
  240,20120426,  130
  240,20120427,  100
  240,20120428,  100
  240,20120429,  110
  240,20120430,  100
  240,20120501,   80
  240,20120502,   60
  240,20120503,   40
  240,20120504,   70
  240,20120505,   70
  240,20120506,   70
  240,20120507,   60
  240,20120508,   70
  240,20120509,   90
  240,20120510,  100
  240,20120511,  100
  240,20120512,   70
  240,20120513,   50
  240,20120514,  100
  240,20120515,   80
  240,20120516,   90
  240,20120517,   60
  240,20120518,   60
  240,20120519,   50
  240,20120520,   60
  240,20120521,   60
  240,20120522,   50
  240,20120523,   50
  240,20120524,   70
  240,20120525,   90
  240,20120526,   70
  240,20120527,   50
  240,20120528,   60
  240,20120529,   50
  240,20120530,   50
  240,20120531,   80
  240,20120601,   50
  240,20120602,   50
  240,20120603,   50
  240,20120604,   70
  240,20120605,   40
  240,20120606,   90
  240,20120607,   70
  240,20120608,  150
  240,20120609,  110
  240,20120610,   40
  240,20120611,   60
  240,20120612,   60
  240,20120613,   60
  240,20120614,   40
  240,20120615,   70
  240,20120616,  100
  240,20120617,  110
  240,20120618,   70
  240,20120619,   50
  240,20120620,   70
  240,20120621,   70
  240,20120622,  150
  240,20120623,  100
  240,20120624,  140
  240,20120625,   90
  240,20120626,   40
  240,20120627,   70
  240,20120628,   70
  240,20120629,   90
  240,20120630,   90
  240,20120701,  100
  240,20120702,   50
  240,20120703,   50
  240,20120704,   60
  240,20120705,   50
  240,20120706,   80
  240,20120707,   60
  240,20120708,   80
  240,20120709,   90
  240,20120710,   80
  240,20120711,   90
  240,20120712,  100
  240,20120713,   80
  240,20120714,   80
  240,20120715,   80
  240,20120716,   90
  240,20120717,   80
  240,20120718,  100
  240,20120719,  100
  240,20120720,   50
  240,20120721,   60
  240,20120722,   30
  240,20120723,   50
  240,20120724,   40
  240,20120725,   60
  240,20120726,   50
  240,20120727,   50
  240,20120728,   40
  240,20120729,   80
  240,20120730,  100
  240,20120731,   60
  240,20120801,   70
  240,20120802,   80
  240,20120803,   80
  240,20120804,   70
  240,20120805,   50
  240,20120806,   80
  240,20120807,  100
  240,20120808,   60
  240,20120809,   40
  240,20120810,   30
  240,20120811,   50
  240,20120812,   70
  240,20120813,   50
  240,20120814,   50
  240,20120815,   80
  240,20120816,   50
  240,20120817,   70
  240,20120818,   60
  240,20120819,   60
  240,20120820,   50
  240,20120821,   60
  240,20120822,   90
  240,20120823,   50
  240,20120824,   60
  240,20120825,  100
  240,20120826,   90
  240,20120827,   60
  240,20120828,   70
  240,20120829,   90
  240,20120830,   70
  240,20120831,  100
  240,20120901,   60
  240,20120902,   60
  240,20120903,   40
  240,20120904,   50
  240,20120905,   70
  240,20120906,   50
  240,20120907,   70
  240,20120908,   30
  240,20120909,   50
  240,20120910,   90
  240,20120911,   90
  240,20120912,   80
  240,20120913,   60
  240,20120914,  100
  240,20120915,   70
  240,20120916,   80
  240,20120917,   70
  240,20120918,   90
  240,20120919,   90
  240,20120920,   70
  240,20120921,   60
  240,20120922,   70
  240,20120923,   90
  240,20120924,  150
  240,20120925,   90
  240,20120926,   90
  240,20120927,   60
  240,20120928,  100
  240,20120929,   90
  240,20120930,   90
  240,20121001,   80
  240,20121002,   70
  240,20121003,   90
  240,20121004,  100
  240,20121005,  150
  240,20121006,   60
  240,20121007,   60
  240,20121008,   50
  240,20121009,   50
  240,20121010,   30
  240,20121011,   60
  240,20121012,   90
  240,20121013,   70
  240,20121014,   70
  240,20121015,   80
  240,20121016,  120
  240,20121017,   90
  240,20121018,   70
  240,20121019,   50
  240,20121020,   60
  240,20121021,   80
  240,20121022,   30
  240,20121023,   40
  240,20121024,   50
  240,20121025,   60
  240,20121026,   70
  240,20121027,   70
  240,20121028,   80
  240,20121029,   80
  240,20121030,   50
  240,20121031,   90
  240,20121101,   90
  240,20121102,  110
  240,20121103,  100
  240,20121104,   90
  240,20121105,   50
  240,20121106,  100
  240,20121107,   80
  240,20121108,   80
  240,20121109,   60
  240,20121110,   60
  240,20121111,   60
  240,20121112,   60
  240,20121113,   70
  240,20121114,   30
  240,20121115,   40
  240,20121116,   40
  240,20121117,   60
  240,20121118,   40
  240,20121119,   50
  240,20121120,   70
  240,20121121,  130
  240,20121122,   90
  240,20121123,   90
  240,20121124,   70
  240,20121125,  160
  240,20121126,   60
  240,20121127,   50
  240,20121128,   50
  240,20121129,   50
  240,20121130,   50
  240,20121201,   80
  240,20121202,   60
  240,20121203,   90
  240,20121204,  110
  240,20121205,   60
  240,20121206,   80
  240,20121207,  100
  240,20121208,   60
  240,20121209,  120
  240,20121210,   90
  240,20121211,   50
  240,20121212,   60
  240,20121213,   40
  240,20121214,  100
  240,20121215,   90
  240,20121216,   70
  240,20121217,   50
  240,20121218,   40
  240,20121219,   60
  240,20121220,   90
  240,20121221,   70
  240,20121222,   80
  240,20121223,  130
  240,20121224,  140
  240,20121225,  120
  240,20121226,  110
  240,20121227,  110
  240,20121228,   90
  240,20121229,  110
  240,20121230,  120
  240,20121231,  120
  240,20130101,  100
  240,20130102,   80
  240,20130103,   70
  240,20130104,   70
  240,20130105,   50
  240,20130106,   50
  240,20130107,   60
  240,20130108,   60
  240,20130109,   60
  240,20130110,   70
  240,20130111,   40
  240,20130112,   50
  240,20130113,   50
  240,20130114,   60
  240,20130115,   60
  240,20130116,   40
  240,20130117,   30
  240,20130118,   70
  240,20130119,   80
  240,20130120,   90
  240,20130121,   60
  240,20130122,   40
  240,20130123,   50
  240,20130124,   50
  240,20130125,   80
  240,20130126,   80
  240,20130127,  110
  240,20130128,  120
  240,20130129,  170
  240,20130130,  160
  240,20130131,  150
  240,20130201,   90
  240,20130202,   90
  240,20130203,  120
  240,20130204,  110
  240,20130205,  110
  240,20130206,   60
  240,20130207,   70
  240,20130208,   60
  240,20130209,   50
  240,20130210,   80
  240,20130211,   80
  240,20130212,   70
  240,20130213,   60
  240,20130214,  100
  240,20130215,   50
  240,20130216,   30
  240,20130217,   40
  240,20130218,   30
  240,20130219,   60
  240,20130220,   70
  240,20130221,   70
  240,20130222,   80
  240,20130223,   90
  240,20130224,   80
  240,20130225,   80
  240,20130226,   70
  240,20130227,   70
  240,20130228,   50
  240,20130301,   60
  240,20130302,   40
  240,20130303,   40
  240,20130304,   60
  240,20130305,   60
  240,20130306,   60
  240,20130307,   50
  240,20130308,   60
  240,20130309,   50
  240,20130310,   80
  240,20130311,  100
  240,20130312,  100
  240,20130313,   60
  240,20130314,   50
  240,20130315,   80
  240,20130316,  100
  240,20130317,   80
  240,20130318,   80
  240,20130319,   60
  240,20130320,   90
  240,20130321,   50
  240,20130322,  100
  240,20130323,  110
  240,20130324,  120
  240,20130325,  110
  240,20130326,  110
  240,20130327,   70
  240,20130328,   80
  240,20130329,   40
  240,20130330,   60
  240,20130331,   60
  240,20130401,   90
  240,20130402,  100
  240,20130403,  110
  240,20130404,   90
  240,20130405,  100
  240,20130406,   70
  240,20130407,   40
  240,20130408,   70
  240,20130409,   60
  240,20130410,   60
  240,20130411,   80
  240,20130412,  100
  240,20130413,   70
  240,20130414,  100
  240,20130415,   70
  240,20130416,  110
  240,20130417,   80
  240,20130418,  170
  240,20130419,   90
  240,20130420,   80
  240,20130421,   50
  240,20130422,   80
  240,20130423,   80
  240,20130424,   80
  240,20130425,   60
  240,20130426,   60
  240,20130427,   70
  240,20130428,   60
  240,20130429,   90
  240,20130430,   70
  240,20130501,   80
  240,20130502,   80
  240,20130503,   50
  240,20130504,  110
  240,20130505,   50
  240,20130506,   60
  240,20130507,   80
  240,20130508,   80
  240,20130509,   80
  240,20130510,  120
  240,20130511,   90
  240,20130512,   80
  240,20130513,  100
  240,20130514,   70
  240,20130515,   90
  240,20130516,   60
  240,20130517,   50
  240,20130518,   60
  240,20130519,   60
  240,20130520,   30
  240,20130521,   70
  240,20130522,  100
  240,20130523,   80
  240,20130524,   80
  240,20130525,   80
  240,20130526,   90
  240,20130527,   50
  240,20130528,   70
  240,20130529,   70
  240,20130530,   40
  240,20130531,   80
  240,20130601,   80
  240,20130602,   60
  240,20130603,   70
  240,20130604,   60
  240,20130605,   60
  240,20130606,   60
  240,20130607,   70
  240,20130608,   70
  240,20130609,   70
  240,20130610,   40
  240,20130611,   30
  240,20130612,   80
  240,20130613,  140
  240,20130614,   80
  240,20130615,  140
  240,20130616,  100
  240,20130617,   80
  240,20130618,   40
  240,20130619,   70
  240,20130620,   50
  240,20130621,  100
  240,20130622,  110
  240,20130623,  110
  240,20130624,   70
  240,20130625,   60
  240,20130626,   60
  240,20130627,   70
  240,20130628,   70
  240,20130629,   60
  240,20130630,   80
  240,20130701,   80
  240,20130702,   50
  240,20130703,   60
  240,20130704,   90
  240,20130705,   50
  240,20130706,   50
  240,20130707,   50
  240,20130708,   70
  240,20130709,   50
  240,20130710,   60
  240,20130711,   60
  240,20130712,   50
  240,20130713,   40
  240,20130714,   40
  240,20130715,   50
  240,20130716,   40
  240,20130717,   40
  240,20130718,   70
  240,20130719,   70
  240,20130720,   50
  240,20130721,   40
  240,20130722,   40
  240,20130723,   50
  240,20130724,   60
  240,20130725,   70
  240,20130726,   50
  240,20130727,   60
  240,20130728,   80
  240,20130729,  100
  240,20130730,   90
  240,20130731,   80
  240,20130801,   60
  240,20130802,   60
  240,20130803,  110
  240,20130804,   40
  240,20130805,   80
  240,20130806,   80
  240,20130807,   80
  240,20130808,   60
  240,20130809,   70
  240,20130810,  100
  240,20130811,   90
  240,20130812,   80
  240,20130813,   90
  240,20130814,   40
  240,20130815,   70
  240,20130816,   80
  240,20130817,   80
  240,20130818,   90
  240,20130819,   70
  240,20130820,   30
  240,20130821,   40
  240,20130822,   40
  240,20130823,   40
  240,20130824,   60
  240,20130825,   50
  240,20130826,   70
  240,20130827,   40
  240,20130828,   50
  240,20130829,   60
  240,20130830,   70
  240,20130831,   80
  240,20130901,   90
  240,20130902,   90
  240,20130903,   40
  240,20130904,   50
  240,20130905,   60
  240,20130906,   70
  240,20130907,   40
  240,20130908,   60
  240,20130909,   80
  240,20130910,  130
  240,20130911,   80
  240,20130912,   50
  240,20130913,   60
  240,20130914,   90
  240,20130915,  110
  240,20130916,  110
  240,20130917,   90
  240,20130918,   80
  240,20130919,   80
  240,20130920,   80
  240,20130921,   50
  240,20130922,   60
  240,20130923,   60
  240,20130924,   20
  240,20130925,   30
  240,20130926,   70
  240,20130927,   60
  240,20130928,   80
  240,20130929,   80
  240,20130930,   70
  240,20131001,   70
  240,20131002,   80
  240,20131003,   80
  240,20131004,   90
  240,20131005,   50
  240,20131006,   40
  240,20131007,   40
  240,20131008,   60
  240,20131009,   90
  240,20131010,   50
  240,20131011,   50
  240,20131012,   40
  240,20131013,  120
  240,20131014,   60
  240,20131015,   50
  240,20131016,   70
  240,20131017,  140
  240,20131018,   60
  240,20131019,   60
  240,20131020,   90
  240,20131021,   70
  240,20131022,   90
  240,20131023,  130
  240,20131024,   50
  240,20131025,   60
  240,20131026,  100
  240,20131027,  150
  240,20131028,  220
  240,20131029,  110
  240,20131030,   80
  240,20131031,   90
  240,20131101,   90
  240,20131102,   90
  240,20131103,  100
  240,20131104,   80
  240,20131105,  110
  240,20131106,  130
  240,20131107,  130
  240,20131108,   60
  240,20131109,  110
  240,20131110,   60
  240,20131111,   80
  240,20131112,   80
  240,20131113,   50
  240,20131114,   60
  240,20131115,   50
  240,20131116,   50
  240,20131117,   30
  240,20131118,   70
  240,20131119,   50
  240,20131120,   90
  240,20131121,   60
  240,20131122,   60
  240,20131123,   50
  240,20131124,   70
  240,20131125,   60
  240,20131126,   40
  240,20131127,   60
  240,20131128,   50
  240,20131129,  120
  240,20131130,   50
  240,20131201,   40
  240,20131202,   30
  240,20131203,   40
  240,20131204,   70
  240,20131205,  170
  240,20131206,  120
  240,20131207,   60
  240,20131208,  110
  240,20131209,  110
  240,20131210,   50
  240,20131211,   50
  240,20131212,   60
  240,20131213,   50
  240,20131214,   90
  240,20131215,  100
  240,20131216,   90
  240,20131217,   50
  240,20131218,   90
  240,20131219,  100
  240,20131220,  100
  240,20131221,  130
  240,20131222,  120
  240,20131223,  160
  240,20131224,  180
  240,20131225,   80
  240,20131226,   60
  240,20131227,  130
  240,20131228,   70
  240,20131229,   70
  240,20131230,  110
  240,20131231,   90
  240,20140101,  110
  240,20140102,  100
  240,20140103,  130
  240,20140104,  110
  240,20140105,  100
  240,20140106,  110
  240,20140107,  110
  240,20140108,   90
  240,20140109,  150
  240,20140110,   80
  240,20140111,   90
  240,20140112,   60
  240,20140113,   90
  240,20140114,   50
  240,20140115,   80
  240,20140116,   70
  240,20140117,   80
  240,20140118,   60
  240,20140119,   70
  240,20140120,   40
  240,20140121,   40
  240,20140122,   70
  240,20140123,   60
  240,20140124,   50
  240,20140125,  130
  240,20140126,  120
  240,20140127,   90
  240,20140128,  100
  240,20140129,   80
  240,20140130,   60
  240,20140131,  110
  240,20140201,  110
  240,20140202,   80
  240,20140203,   60
  240,20140204,   80
  240,20140205,  120
  240,20140206,  100
  240,20140207,  110
  240,20140208,  120
  240,20140209,  150
  240,20140210,   70
  240,20140211,  130
  240,20140212,  130
  240,20140213,  110
  240,20140214,  110
  240,20140215,  160
  240,20140216,  100
  240,20140217,   60
  240,20140218,   50
  240,20140219,   70
  240,20140220,   90
  240,20140221,   90
  240,20140222,   80
  240,20140223,   90
  240,20140224,   80
  240,20140225,  100
  240,20140226,   70
  240,20140227,  110
  240,20140228,   50
  240,20140301,   40
  240,20140302,   90
  240,20140303,   80
  240,20140304,   50
  240,20140305,   40
  240,20140306,   70
  240,20140307,   80
  240,20140308,   70
  240,20140309,   70
  240,20140310,   80
  240,20140311,   80
  240,20140312,   50
  240,20140313,   40
  240,20140314,   80
  240,20140315,  100
  240,20140316,   90
  240,20140317,   80
  240,20140318,  110
  240,20140319,  120
  240,20140320,  100
  240,20140321,  100
  240,20140322,   90
  240,20140323,   70
  240,20140324,   50
  240,20140325,   60
  240,20140326,   40
  240,20140327,   70
  240,20140328,   60
  240,20140329,   50
  240,20140330,   40
  240,20140331,   50
  240,20140401,   50
  240,20140402,   60
  240,20140403,   50
  240,20140404,   50
  240,20140405,   70
  240,20140406,   70
  240,20140407,   90
  240,20140408,  130
  240,20140409,   90
  240,20140410,   40
  240,20140411,   60
  240,20140412,   80
  240,20140413,   90
  240,20140414,  120
  240,20140415,   60
  240,20140416,   50
  240,20140417,  100
  240,20140418,   80
  240,20140419,   80
  240,20140420,   90
  240,20140421,   70
  240,20140422,   60
  240,20140423,   50
  240,20140424,   70
  240,20140425,   70
  240,20140426,   50
  240,20140427,   40
  240,20140428,   40
  240,20140429,   40
  240,20140430,   40
  240,20140501,   60
  240,20140502,   80
  240,20140503,   50
  240,20140504,   40
  240,20140505,   50
  240,20140506,   90
  240,20140507,  100
  240,20140508,   90
  240,20140509,  130
  240,20140510,  120
  240,20140511,  120
  240,20140512,   90
  240,20140513,   60
  240,20140514,   80
  240,20140515,   40
  240,20140516,   50
  240,20140517,   50
  240,20140518,   40
  240,20140519,   50
  240,20140520,   80
  240,20140521,   70
  240,20140522,   90
  240,20140523,   50
  240,20140524,   70
  240,20140525,   50
  240,20140526,   70
  240,20140527,   40
  240,20140528,   40
  240,20140529,   50
  240,20140530,   60
  240,20140531,   60
  240,20140601,   40
  240,20140602,   60
  240,20140603,   50
  240,20140604,   70
  240,20140605,  110
  240,20140606,   50
  240,20140607,   50
  240,20140608,   50
  240,20140609,   40
  240,20140610,   80
  240,20140611,   50
  240,20140612,   60
  240,20140613,   60
  240,20140614,   60
  240,20140615,   60
  240,20140616,   70
  240,20140617,   70
  240,20140618,   60
  240,20140619,   60
  240,20140620,   70
  240,20140621,   60
  240,20140622,   60
  240,20140623,   40
  240,20140624,   70
  240,20140625,   50
  240,20140626,   40
  240,20140627,   70
  240,20140628,   60
  240,20140629,   60
  240,20140630,   60
  240,20140701,   60
  240,20140702,   50
  240,20140703,   60
  240,20140704,   70
  240,20140705,  110
  240,20140706,  100
  240,20140707,   50
  240,20140708,   70
  240,20140709,  100
  240,20140710,   40
  240,20140711,   50
  240,20140712,   60
  240,20140713,   60
  240,20140714,   70
  240,20140715,   80
  240,20140716,   50
  240,20140717,   60
  240,20140718,   50
  240,20140719,   70
  240,20140720,   40
  240,20140721,   60
  240,20140722,   70
  240,20140723,   90
  240,20140724,   80
  240,20140725,   60
  240,20140726,   50
  240,20140727,   50
  240,20140728,   80
  240,20140729,   70
  240,20140730,   70
  240,20140731,   70
  240,20140801,   50
  240,20140802,   60
  240,20140803,   60
  240,20140804,   60
  240,20140805,   50
  240,20140806,   60
  240,20140807,   40
  240,20140808,   60
  240,20140809,  110
  240,20140810,  100
  240,20140811,  110
  240,20140812,  110
  240,20140813,   80
  240,20140814,   80
  240,20140815,   80
  240,20140816,  100
  240,20140817,  100
  240,20140818,  110
  240,20140819,   90
  240,20140820,   70
  240,20140821,   70
  240,20140822,   80
  240,20140823,   80
  240,20140824,   80
  240,20140825,   50
  240,20140826,   70
  240,20140827,   40
  240,20140828,   70
  240,20140829,  100
  240,20140830,   90
  240,20140831,   80
  240,20140901,   40
  240,20140902,   50
  240,20140903,   60
  240,20140904,   40
  240,20140905,   30
  240,20140906,   40
  240,20140907,   50
  240,20140908,   50
  240,20140909,   50
  240,20140910,   50
  240,20140911,   60
  240,20140912,   70
  240,20140913,   60
  240,20140914,   50
  240,20140915,   50
  240,20140916,   30
  240,20140917,   40
  240,20140918,   40
  240,20140919,   40
  240,20140920,   60
  240,20140921,   80
  240,20140922,   90
  240,20140923,   60
  240,20140924,   70
  240,20140925,   90
  240,20140926,   80
  240,20140927,   30
  240,20140928,   30
  240,20140929,   50
  240,20140930,   70
  240,20141001,   60
  240,20141002,   30
  240,20141003,   40
  240,20141004,   70
  240,20141005,   50
  240,20141006,   60
  240,20141007,  120
  240,20141008,   80
  240,20141009,   90
  240,20141010,   70
  240,20141011,   40
  240,20141012,   60
  240,20141013,   60
  240,20141014,   80
  240,20141015,   60
  240,20141016,   80
  240,20141017,   70
  240,20141018,   80
  240,20141019,  100
  240,20141020,  100
  240,20141021,  130
  240,20141022,  120
  240,20141023,   70
  240,20141024,   70
  240,20141025,   50
  240,20141026,   60
  240,20141027,   60
  240,20141028,   70
  240,20141029,   60
  240,20141030,   50
  240,20141031,   40
  240,20141101,   50
  240,20141102,   90
  240,20141103,   90
  240,20141104,   60
  240,20141105,   30
  240,20141106,   50
  240,20141107,  100
  240,20141108,   80
  240,20141109,   60
  240,20141110,   80
  240,20141111,   60
  240,20141112,   50
  240,20141113,   50
  240,20141114,   80
  240,20141115,   40
  240,20141116,   50
  240,20141117,   50
  240,20141118,   60
  240,20141119,   40
  240,20141120,   50
  240,20141121,   60
  240,20141122,   60
  240,20141123,   50
  240,20141124,   40
  240,20141125,   60
  240,20141126,   60
  240,20141127,   50
  240,20141128,   60
  240,20141129,   70
  240,20141130,   60
  240,20141201,   60
  240,20141202,   50
  240,20141203,   80
  240,20141204,   50
  240,20141205,   50
  240,20141206,   40
  240,20141207,   80
  240,20141208,   70
  240,20141209,  110
  240,20141210,  120
  240,20141211,  130
  240,20141212,  160
  240,20141213,   50
  240,20141214,   90
  240,20141215,  100
  240,20141216,   80
  240,20141217,  100
  240,20141218,  150
  240,20141219,  150
  240,20141220,  130
  240,20141221,  140
  240,20141222,  150
  240,20141223,  130
  240,20141224,  130
  240,20141225,  110
  240,20141226,   70
  240,20141227,  110
  240,20141228,   90
  240,20141229,   60
  240,20141230,   50
  240,20141231,   70
  240,20150101,  100
  240,20150102,  130
  240,20150103,   80
  240,20150104,   60
  240,20150105,   60
  240,20150106,   50
  240,20150107,  100
  240,20150108,  100
  240,20150109,  160
  240,20150110,  180
  240,20150111,  140
  240,20150112,  150
  240,20150113,  120
  240,20150114,  110
  240,20150115,  140
  240,20150116,  110
  240,20150117,   90
  240,20150118,   70
  240,20150119,   30
  240,20150120,   40
  240,20150121,   50
  240,20150122,   60
  240,20150123,   80
  240,20150124,   90
  240,20150125,   50
  240,20150126,   80
  240,20150127,   70
  240,20150128,  130
  240,20150129,  120
  240,20150130,   80
  240,20150131,   60
  240,20150201,   70
  240,20150202,   80
  240,20150203,   50
  240,20150204,   50
  240,20150205,   70
  240,20150206,   80
  240,20150207,   70
  240,20150208,   80
  240,20150209,   70
  240,20150210,   50
  240,20150211,   30
  240,20150212,   40
  240,20150213,   70
  240,20150214,   70
  240,20150215,   70
  240,20150216,   40
  240,20150217,   60
  240,20150218,   70
  240,20150219,  100
  240,20150220,   80
  240,20150221,   60
  240,20150222,  120
  240,20150223,  120
  240,20150224,  110
  240,20150225,   70
  240,20150226,   80
  240,20150227,   60
  240,20150228,  110
  240,20150301,  130
  240,20150302,  130
  240,20150303,  100
  240,20150304,  100
  240,20150305,   70
  240,20150306,   70
  240,20150307,   90
  240,20150308,   80
  240,20150309,   60
  240,20150310,   60
  240,20150311,   40
  240,20150312,   60
  240,20150313,   70
  240,20150314,   70
  240,20150315,   70
  240,20150316,   50
  240,20150317,   40
  240,20150318,   60
  240,20150319,   50
  240,20150320,   50
  240,20150321,   90
  240,20150322,   70
  240,20150323,   60
  240,20150324,   40
  240,20150325,   50
  240,20150326,  100
  240,20150327,  100
  240,20150328,  130
  240,20150329,  170
  240,20150330,  140
  240,20150331,  180
  240,20150401,  140
  240,20150402,  110
  240,20150403,   40
  240,20150404,   60
  240,20150405,   60
  240,20150406,   40
  240,20150407,   60
  240,20150408,   40
  240,20150409,   40
  240,20150410,   30
  240,20150411,  130
  240,20150412,  120
  240,20150413,   60
  240,20150414,  100
  240,20150415,   80
  240,20150416,   60
  240,20150417,   70
  240,20150418,   60
  240,20150419,   50
  240,20150420,   60
  240,20150421,   60
  240,20150422,   60
  240,20150423,   40
  240,20150424,   60
  240,20150425,   90
  240,20150426,   50
  240,20150427,   60
  240,20150428,  100
  240,20150429,  100
  240,20150430,   90
  240,20150501,   50
  240,20150502,   60
  240,20150503,   90
  240,20150504,   90
  240,20150505,  160
  240,20150506,  150
  240,20150507,  110
  240,20150508,   50
  240,20150509,  130
  240,20150510,   60
  240,20150511,   90
  240,20150512,  100
  240,20150513,   60
  240,20150514,   70
  240,20150515,   60
  240,20150516,   90
  240,20150517,   80
  240,20150518,  120
  240,20150519,  110
  240,20150520,   80
  240,20150521,   70
  240,20150522,   70
  240,20150523,   60
  240,20150524,   50
  240,20150525,   70
  240,20150526,   70
  240,20150527,   70
  240,20150528,   90
  240,20150529,   90
  240,20150530,  100
  240,20150531,  100
  240,20150601,   80
  240,20150602,  130
  240,20150603,   90
  240,20150604,   50
  240,20150605,   60
  240,20150606,   80
  240,20150607,   60
  240,20150608,   70
  240,20150609,   60
  240,20150610,   80
  240,20150611,   80
  240,20150612,   50
  240,20150613,  110
  240,20150614,   60
  240,20150615,   60
  240,20150616,   40
  240,20150617,   90
  240,20150618,   80
  240,20150619,   80
  240,20150620,   50
  240,20150621,   70
  240,20150622,   70
  240,20150623,   90
  240,20150624,   90
  240,20150625,   50
  240,20150626,   70
  240,20150627,   70
  240,20150628,   60
  240,20150629,   50
  240,20150630,   50
  240,20150701,   70
  240,20150702,   80
  240,20150703,   60
  240,20150704,   70
  240,20150705,  110
  240,20150706,   80
  240,20150707,  130
  240,20150708,  100
  240,20150709,   90
  240,20150710,   60
  240,20150711,   70
  240,20150712,   90
  240,20150713,   80
  240,20150714,   80
  240,20150715,   70
  240,20150716,   50
  240,20150717,  120
  240,20150718,   80
  240,20150719,   90
  240,20150720,   80
  240,20150721,   90
  240,20150722,   80
  240,20150723,   60
  240,20150724,   60
  240,20150725,  200
  240,20150726,   80
  240,20150727,  120
  240,20150728,  110
  240,20150729,  120
  240,20150730,   80
  240,20150731,   50
  240,20150801,   40
  240,20150802,   40
  240,20150803,   70
  240,20150804,   90
  240,20150805,   60
  240,20150806,   90
  240,20150807,   50
  240,20150808,   50
  240,20150809,   30
  240,20150810,   60
  240,20150811,   40
  240,20150812,   70
  240,20150813,   70
  240,20150814,   70
  240,20150815,   70
  240,20150816,   60
  240,20150817,   70
  240,20150818,   70
  240,20150819,   50
  240,20150820,   60
  240,20150821,   40
  240,20150822,   70
  240,20150823,  100
  240,20150824,   80
  240,20150825,  110
  240,20150826,  100
  240,20150827,   80
  240,20150828,   70
  240,20150829,   40
  240,20150830,   50
  240,20150831,   70
  240,20150901,   80
  240,20150902,   70
  240,20150903,   70
  240,20150904,  100
  240,20150905,   90
  240,20150906,   80
  240,20150907,   60
  240,20150908,   40
  240,20150909,   60
  240,20150910,   70
  240,20150911,   60
  240,20150912,   60
  240,20150913,   80
  240,20150914,   80
  240,20150915,  110
  240,20150916,   90
  240,20150917,   90
  240,20150918,   70
  240,20150919,   60
  240,20150920,   80
  240,20150921,   70
  240,20150922,   60
  240,20150923,   70
  240,20150924,   80
  240,20150925,   60
  240,20150926,   40
  240,20150927,   50
  240,20150928,   50
  240,20150929,   70
  240,20150930,   70
  240,20151001,   80
  240,20151002,   60
  240,20151003,   30
  240,20151004,   40
  240,20151005,   70
  240,20151006,   50
  240,20151007,   60
  240,20151008,   50
  240,20151009,   30
  240,20151010,   60
  240,20151011,   70
  240,20151012,   50
  240,20151013,   90
  240,20151014,   70
  240,20151015,   50
  240,20151016,   50
  240,20151017,   30
  240,20151018,   40
  240,20151019,   30
  240,20151020,   50
  240,20151021,   70
  240,20151022,   80
  240,20151023,   50
  240,20151024,   50
  240,20151025,   30
  240,20151026,   60
  240,20151027,   40
  240,20151028,   40
  240,20151029,   50
  240,20151030,   50
  240,20151031,   50
  240,20151101,   30
  240,20151102,   30
  240,20151103,   40
  240,20151104,   60
  240,20151105,   70
  240,20151106,  120
  240,20151107,  120
  240,20151108,  100
  240,20151109,  130
  240,20151110,  110
  240,20151111,   80
  240,20151112,   70
  240,20151113,  130
  240,20151114,  130
  240,20151115,  150
  240,20151116,  110
  240,20151117,  160
  240,20151118,  170
  240,20151119,  130
  240,20151120,  100
  240,20151121,   80
  240,20151122,   50
  240,20151123,   70
  240,20151124,  110
  240,20151125,   60
  240,20151126,   40
  240,20151127,   90
  240,20151128,  130
  240,20151129,  170
  240,20151130,  150
  240,20151201,  100
  240,20151202,   80
  240,20151203,   80
  240,20151204,  100
  240,20151205,  120
  240,20151206,  120
  240,20151207,   60
  240,20151208,   80
  240,20151209,   80
  240,20151210,  100
  240,20151211,  100
  240,20151212,  170
  240,20151213,  110
  240,20151214,   50
  240,20151215,   50
  240,20151216,   90
  240,20151217,   70
  240,20151218,   80
  240,20151219,   80
  240,20151220,   80
  240,20151221,  140
  240,20151222,  120
  240,20151223,  120
  240,20151224,  110
  240,20151225,  110
  240,20151226,  130
  240,20151227,  100
  240,20151228,   70
  240,20151229,   60
  240,20151230,   90
  240,20151231,  110
  240,20160101,   60
  240,20160102,   80
  240,20160103,   90
  240,20160104,   70
  240,20160105,   60
  240,20160106,   50
  240,20160107,  140
  240,20160108,  130
  240,20160109,   80
  240,20160110,  100
  240,20160111,   70
  240,20160112,   90
  240,20160113,   80
  240,20160114,   90
  240,20160115,   60
  240,20160116,  110
  240,20160117,   60
  240,20160118,   50
  240,20160119,   50
  240,20160120,   40
  240,20160121,   50
  240,20160122,   80
  240,20160123,   60
  240,20160124,   70
  240,20160125,  100
  240,20160126,  130
  240,20160127,  140
  240,20160128,   90
  240,20160129,  140
  240,20160130,  130
  240,20160131,  100
  240,20160201,  160
  240,20160202,  120
  240,20160203,  100
  240,20160204,   80
  240,20160205,   90
  240,20160206,   90
  240,20160207,  130
  240,20160208,  170
  240,20160209,  130
  240,20160210,   80
  240,20160211,   70
  240,20160212,   50
  240,20160213,   80
  240,20160214,   70
  240,20160215,   70
  240,20160216,   40
  240,20160217,   50
  240,20160218,   60
  240,20160219,   90
  240,20160220,  140
  240,20160221,  150
  240,20160222,  150
  240,20160223,   80
  240,20160224,   60
  240,20160225,   70
  240,20160226,   30
  240,20160227,   80
  240,20160228,   80
  240,20160229,   70
  240,20160301,   90
  240,20160302,  100
  240,20160303,   60
  240,20160304,   90
  240,20160305,   40
  240,20160306,   50
  240,20160307,   40
  240,20160308,   70
  240,20160309,   90
  240,20160310,   50
  240,20160311,   50
  240,20160312,   40
  240,20160313,   70
  240,20160314,   70
  240,20160315,   60
  240,20160316,   90
  240,20160317,   50
  240,20160318,   50
  240,20160319,   60
  240,20160320,   60
  240,20160321,   80
  240,20160322,   50
  240,20160323,   60
  240,20160324,   80
  240,20160325,   90
  240,20160326,  110
  240,20160327,  100
  240,20160328,  160
  240,20160329,  110
  240,20160330,  100
  240,20160331,   70
  240,20160401,   40
  240,20160402,   60
  240,20160403,   70
  240,20160404,   90
  240,20160405,   70
  240,20160406,  110
  240,20160407,   90
  240,20160408,   60
  240,20160409,   70
  240,20160410,   70
  240,20160411,  100
  240,20160412,   70
  240,20160413,   50
  240,20160414,   40
  240,20160415,   80
  240,20160416,  110
  240,20160417,   70
  240,20160418,  100
  240,20160419,   70
  240,20160420,   60
  240,20160421,   60
  240,20160422,   60
  240,20160423,   80
  240,20160424,  100
  240,20160425,   80
  240,20160426,  130
  240,20160427,   90
  240,20160428,   70
  240,20160429,  100
  240,20160430,   60
  240,20160501,   30
  240,20160502,   80
  240,20160503,   80
  240,20160504,   40
  240,20160505,   60
  240,20160506,   70
  240,20160507,   60
  240,20160508,   80
  240,20160509,   80
  240,20160510,   50
  240,20160511,   60
  240,20160512,   80
  240,20160513,   80
  240,20160514,   90
  240,20160515,   80
  240,20160516,   60
  240,20160517,   70
  240,20160518,   70
  240,20160519,   70
  240,20160520,   80
  240,20160521,   90
  240,20160522,   70
  240,20160523,   80
  240,20160524,   70
  240,20160525,   30
  240,20160526,   40
  240,20160527,   50
  240,20160528,   50
  240,20160529,   60
  240,20160530,   90
  240,20160531,   60
  240,20160601,   80
  240,20160602,   80
  240,20160603,   40
  240,20160604,   60
  240,20160605,   60
  240,20160606,   40
  240,20160607,   60
  240,20160608,   60
  240,20160609,   60
  240,20160610,   40
  240,20160611,   40
  240,20160612,   60
  240,20160613,   70
  240,20160614,   70
  240,20160615,   40
  240,20160616,   40
  240,20160617,   50
  240,20160618,   90
  240,20160619,   60
  240,20160620,   80
  240,20160621,   40
  240,20160622,   50
  240,20160623,   50
  240,20160624,   50
  240,20160625,   60
  240,20160626,   70
  240,20160627,   70
  240,20160628,   60
  240,20160629,   90
  240,20160630,   70
  240,20160701,   90
  240,20160702,  100
  240,20160703,   70
  240,20160704,   40
  240,20160705,  110
  240,20160706,   70
  240,20160707,   70
  240,20160708,  100
  240,20160709,   80
  240,20160710,   90
  240,20160711,  130
  240,20160712,   60
  240,20160713,   70
  240,20160714,   90
  240,20160715,   80
  240,20160716,   70
  240,20160717,   60
  240,20160718,   50
  240,20160719,   50
  240,20160720,   80
  240,20160721,   60
  240,20160722,   50
  240,20160723,   50
  240,20160724,   50
  240,20160725,   70
  240,20160726,   50
  240,20160727,   80
  240,20160728,   80
  240,20160729,   90
  240,20160730,   50
  240,20160731,   70
  240,20160801,   70
  240,20160802,   50
  240,20160803,  100
  240,20160804,   90
  240,20160805,   60
  240,20160806,   70
  240,20160807,   90
  240,20160808,  100
  240,20160809,   70
  240,20160810,   70
  240,20160811,   80
  240,20160812,   80
  240,20160813,   80
  240,20160814,   50
  240,20160815,   50
  240,20160816,   60
  240,20160817,   80
  240,20160818,   50
  240,20160819,   60
  240,20160820,   80
  240,20160821,   90
  240,20160822,   90
  240,20160823,   40
  240,20160824,   60
  240,20160825,   50
  240,20160826,   50
  240,20160827,   90
  240,20160828,  100
  240,20160829,   50
  240,20160830,   30
  240,20160831,   60
  240,20160901,   50
  240,20160902,   80
  240,20160903,   60
  240,20160904,  110
  240,20160905,   70
  240,20160906,   50
  240,20160907,   40
  240,20160908,   80
  240,20160909,   60
  240,20160910,   70
  240,20160911,   50
  240,20160912,   40
  240,20160913,   50
  240,20160914,   40
  240,20160915,   80
  240,20160916,   70
  240,20160917,   40
  240,20160918,   60
  240,20160919,   20
  240,20160920,   20
  240,20160921,   50
  240,20160922,   40
  240,20160923,   70
  240,20160924,   60
  240,20160925,   80
  240,20160926,   30
  240,20160927,   60
  240,20160928,   90
  240,20160929,  100
  240,20160930,   90
  240,20161001,   60
  240,20161002,   90
  240,20161003,   50
  240,20161004,   70
  240,20161005,   80
  240,20161006,   70
  240,20161007,   60
  240,20161008,   50
  240,20161009,   50
  240,20161010,   40
  240,20161011,   60
  240,20161012,   80
  240,20161013,   80
  240,20161014,   70
  240,20161015,   60
  240,20161016,   70
  240,20161017,   50
  240,20161018,   80
  240,20161019,  100
  240,20161020,   60
  240,20161021,   50
  240,20161022,   40
  240,20161023,   40
  240,20161024,   60
  240,20161025,   30
  240,20161026,   50
  240,20161027,   70
  240,20161028,   70
  240,20161029,   40
  240,20161030,   20
  240,20161031,   20
  240,20161101,   50
  240,20161102,   80
  240,20161103,   60
  240,20161104,   80
  240,20161105,   60
  240,20161106,   80
  240,20161107,   60
  240,20161108,   40
  240,20161109,   50
  240,20161110,   50
  240,20161111,   50
  240,20161112,   60
  240,20161113,   50
  240,20161114,   70
  240,20161115,   70
  240,20161116,   90
  240,20161117,  120
  240,20161118,  100
  240,20161119,   80
  240,20161120,  190
  240,20161121,   90
  240,20161122,  100
  240,20161123,   60
  240,20161124,   90
  240,20161125,   80
  240,20161126,   40
  240,20161127,   50
  240,20161128,   60
  240,20161129,   30
  240,20161130,   70
  240,20161201,   60
  240,20161202,   60
  240,20161203,   20
  240,20161204,   50
  240,20161205,   30
  240,20161206,   40
  240,20161207,   70
  240,20161208,   80
  240,20161209,   70
  240,20161210,   90
  240,20161211,  100
  240,20161212,   60
  240,20161213,   50
  240,20161214,   30
  240,20161215,   60
  240,20161216,   40
  240,20161217,   40
  240,20161218,   50
  240,20161219,   40
  240,20161220,   50
  240,20161221,   90
  240,20161222,   70
  240,20161223,  110
  240,20161224,  120
  240,20161225,  120
  240,20161226,  120
  240,20161227,   90
  240,20161228,   40
  240,20161229,   40
  240,20161230,   40
  240,20161231,   60
  240,20170101,   70
  240,20170102,   60
  240,20170103,   90
  240,20170104,  110
  240,20170105,   50
  240,20170106,   60
  240,20170107,   70
  240,20170108,   30
  240,20170109,   80
  240,20170110,   80
  240,20170111,  140
  240,20170112,  110
  240,20170113,  120
  240,20170114,  100
  240,20170115,   30
  240,20170116,   30
  240,20170117,   30
  240,20170118,   20
  240,20170119,   20
  240,20170120,   40
  240,20170121,   60
  240,20170122,   30
  240,20170123,   40
  240,20170124,   40
  240,20170125,   40
  240,20170126,   50
  240,20170127,   60
  240,20170128,   70
  240,20170129,   70
  240,20170130,   80
  240,20170131,   60
  240,20170201,   70
  240,20170202,   70
  240,20170203,   50
  240,20170204,   60
  240,20170205,   40
  240,20170206,   40
  240,20170207,   60
  240,20170208,   70
  240,20170209,   70
  240,20170210,   60
  240,20170211,   80
  240,20170212,   80
  240,20170213,   80
  240,20170214,   60
  240,20170215,   50
  240,20170216,   70
  240,20170217,   80
  240,20170218,   40
  240,20170219,   70
  240,20170220,   90
  240,20170221,  120
  240,20170222,  130
  240,20170223,  170
  240,20170224,   90
  240,20170225,  100
  240,20170226,  100
  240,20170227,  110
  240,20170228,  110
  240,20170301,   70
  240,20170302,  140
  240,20170303,   70
  240,20170304,   70
  240,20170305,  100
  240,20170306,   30
  240,20170307,   50
  240,20170308,  100
  240,20170309,  120
  240,20170310,   40
  240,20170311,   40
  240,20170312,   40
  240,20170313,   50
  240,20170314,   80
  240,20170315,   40
  240,20170316,   70
  240,20170317,  130
  240,20170318,  140
  240,20170319,  120
  240,20170320,  150
  240,20170321,  110
  240,20170322,   70
  240,20170323,   90
  240,20170324,   80
  240,20170325,   70
  240,20170326,   70
  240,20170327,   50
  240,20170328,   80
  240,20170329,   90
  240,20170330,   70
  240,20170331,  100
  240,20170401,   50
  240,20170402,   50
  240,20170403,   20
  240,20170404,   50
  240,20170405,   70
  240,20170406,   60
  240,20170407,   60
  240,20170408,   40
  240,20170409,   50
  240,20170410,   80
  240,20170411,   70
  240,20170412,  100
  240,20170413,   70
  240,20170414,   80
  240,20170415,  100
  240,20170416,   70
  240,20170417,   90
  240,20170418,   70
  240,20170419,   50
  240,20170420,   60
  240,20170421,   70
  240,20170422,   90
  240,20170423,   70
  240,20170424,   90
  240,20170425,   90
  240,20170426,   70
  240,20170427,   70
  240,20170428,   70
  240,20170429,   40
  240,20170430,  100
  240,20170501,   70
  240,20170502,   70
  240,20170503,   60
  240,20170504,   90
  240,20170505,   80
  240,20170506,   70
  240,20170507,   70
  240,20170508,   90
  240,20170509,   60
  240,20170510,   40
  240,20170511,   60
  240,20170512,   60
  240,20170513,   60
  240,20170514,   90
  240,20170515,   70
  240,20170516,   70
  240,20170517,   60
  240,20170518,   80
  240,20170519,  100
  240,20170520,   60
  240,20170521,   40
  240,20170522,   50
  240,20170523,   80
  240,20170524,   70
  240,20170525,   50
  240,20170526,   60
  240,20170527,   90
  240,20170528,   50
  240,20170529,   60
  240,20170530,   90
  240,20170531,   50
  240,20170601,   30
  240,20170602,   50
  240,20170603,   70
  240,20170604,   80
  240,20170605,   80
  240,20170606,  150
  240,20170607,  120
  240,20170608,   90
  240,20170609,   90
  240,20170610,   60
  240,20170611,   90
  240,20170612,  110
  240,20170613,   60
  240,20170614,   40
  240,20170615,  100
  240,20170616,   90
  240,20170617,   50
  240,20170618,   40
  240,20170619,   60
  240,20170620,   70
  240,20170621,   60
  240,20170622,   90
  240,20170623,  100
  240,20170624,   90
  240,20170625,   90
  240,20170626,   50
  240,20170627,   70
  240,20170628,   70
  240,20170629,   50
  240,20170630,   60
  240,20170701,   70
  240,20170702,   70
  240,20170703,  100
  240,20170704,   30
  240,20170705,   60
  240,20170706,   60
  240,20170707,   70
  240,20170708,   60
  240,20170709,   40
  240,20170710,   80
  240,20170711,   60
  240,20170712,   90
  240,20170713,   40
  240,20170714,  100
  240,20170715,   60
  240,20170716,   60
  240,20170717,   50
  240,20170718,   60
  240,20170719,   90
  240,20170720,  100
  240,20170721,   70
  240,20170722,   70
  240,20170723,   80
  240,20170724,   50
  240,20170725,  100
  240,20170726,   70
  240,20170727,   80
  240,20170728,  110
  240,20170729,  100
  240,20170730,  100
  240,20170731,   70
  240,20170801,   50
  240,20170802,   90
  240,20170803,  150
  240,20170804,  110
  240,20170805,   70
  240,20170806,   70
  240,20170807,   50
  240,20170808,   60
  240,20170809,   80
  240,20170810,   50
  240,20170811,   60
  240,20170812,   80
  240,20170813,   40
  240,20170814,   50
  240,20170815,   40
  240,20170816,   50
  240,20170817,   70
  240,20170818,   90
  240,20170819,  100
  240,20170820,   90
  240,20170821,   30
  240,20170822,   50
  240,20170823,   60
  240,20170824,   70
  240,20170825,   30
  240,20170826,   60
  240,20170827,   40
  240,20170828,   30
  240,20170829,   50
  240,20170830,   80
  240,20170831,   60
  240,20170901,   30
  240,20170902,   60
  240,20170903,   40
  240,20170904,   50
  240,20170905,   70
  240,20170906,  100
  240,20170907,   70
  240,20170908,   90
  240,20170909,   70
  240,20170910,  110
  240,20170911,  120
  240,20170912,  100
  240,20170913,  160
  240,20170914,  110
  240,20170915,   80
  240,20170916,   50
  240,20170917,   40
  240,20170918,   50
  240,20170919,   50
  240,20170920,   70
  240,20170921,   60
  240,20170922,   50
  240,20170923,   30
  240,20170924,   50
  240,20170925,   50
  240,20170926,   40
  240,20170927,   40
  240,20170928,   50
  240,20170929,   60
  240,20170930,   50
  240,20171001,  100
  240,20171002,  100
  240,20171003,   90
  240,20171004,  110
  240,20171005,  170
  240,20171006,  100
  240,20171007,  100
  240,20171008,   50
  240,20171009,   50
  240,20171010,   80
  240,20171011,  100
  240,20171012,   90
  240,20171013,   90
  240,20171014,   70
  240,20171015,   60
  240,20171016,   80
  240,20171017,   70
  240,20171018,   40
  240,20171019,   60
  240,20171020,  110
  240,20171021,  100
  240,20171022,  100
  240,20171023,   80
  240,20171024,   90
  240,20171025,  100
  240,20171026,   70
  240,20171027,   70
  240,20171028,  140
  240,20171029,  140
  240,20171030,   50
  240,20171031,   80
  240,20171101,   70
  240,20171102,   60
  240,20171103,   40
  240,20171104,   70
  240,20171105,   70
  240,20171106,   40
  240,20171107,   30
  240,20171108,   30
  240,20171109,   70
  240,20171110,  110
  240,20171111,   80
  240,20171112,   60
  240,20171113,   70
  240,20171114,   70
  240,20171115,   50
  240,20171116,   50
  240,20171117,   50
  240,20171118,  100
  240,20171119,   90
  240,20171120,   90
  240,20171121,   90
  240,20171122,  100
  240,20171123,  140
  240,20171124,   50
  240,20171125,   70
  240,20171126,   80
  240,20171127,  110
  240,20171128,   90
  240,20171129,   40
  240,20171130,   30
  240,20171201,   40
  240,20171202,   40
  240,20171203,   50
  240,20171204,   60
  240,20171205,   70
  240,20171206,   90
  240,20171207,  130
  240,20171208,  110
  240,20171209,  110
  240,20171210,   90
  240,20171211,   90
  240,20171212,   80
  240,20171213,   90
  240,20171214,   90
  240,20171215,   50
  240,20171216,   50
  240,20171217,   80
  240,20171218,   80
  240,20171219,   60
  240,20171220,   40
  240,20171221,   40
  240,20171222,   40
  240,20171223,   90
  240,20171224,  110
  240,20171225,  100
  240,20171226,  120
  240,20171227,   90
  240,20171228,  100
  240,20171229,  110
  240,20171230,  140
  240,20171231,  140
  240,20180101,  130
  240,20180102,  100
  240,20180103,  190
  240,20180104,  150
  240,20180105,  100
  240,20180106,   60
  240,20180107,  100
  240,20180108,   80
  240,20180109,   60
  240,20180110,   50
  240,20180111,   30
  240,20180112,   30
  240,20180113,   60
  240,20180114,   60
  240,20180115,  120
  240,20180116,  120
  240,20180117,  140
  240,20180118,  230
  240,20180119,   80
  240,20180120,   50
  240,20180121,   80
  240,20180122,   70
  240,20180123,  100
  240,20180124,  130
  240,20180125,   80
  240,20180126,   40
  240,20180127,  110
  240,20180128,  110
  240,20180129,  130
  240,20180130,   60
  240,20180131,  120
  240,20180201,   90
  240,20180202,  100
  240,20180203,   60
  240,20180204,   90
  240,20180205,   60
  240,20180206,   70
  240,20180207,   30
  240,20180208,   60
  240,20180209,   80
  240,20180210,   90
  240,20180211,  130
  240,20180212,   90
  240,20180213,   90
  240,20180214,  100
  240,20180215,  100
  240,20180216,   70
  240,20180217,   30
  240,20180218,   50
  240,20180219,   50
  240,20180220,   40
  240,20180221,   50
  240,20180222,   70
  240,20180223,   80
  240,20180224,   90
  240,20180225,   80
  240,20180226,   80
  240,20180227,   60
  240,20180228,  100
  240,20180301,  120
  240,20180302,  120
  240,20180303,   60
  240,20180304,   80
  240,20180305,   80
  240,20180306,   50
  240,20180307,   60
  240,20180308,  140
  240,20180309,   60
  240,20180310,   70
  240,20180311,   70
  240,20180312,   60
  240,20180313,   70
  240,20180314,   70
  240,20180315,   90
  240,20180316,  100
  240,20180317,  130
  240,20180318,  110
  240,20180319,  100
  240,20180320,   90
  240,20180321,   60
  240,20180322,   80
  240,20180323,   90
  240,20180324,   40
  240,20180325,   50
  240,20180326,   50
  240,20180327,   70
  240,20180328,   70
  240,20180329,   60
  240,20180330,   70
  240,20180331,   30
  240,20180401,   50
  240,20180402,   80
  240,20180403,   90
  240,20180404,   80
  240,20180405,  110
  240,20180406,   90
  240,20180407,   70
  240,20180408,   40
  240,20180409,   60
  240,20180410,   60
  240,20180411,   60
  240,20180412,   80
  240,20180413,   60
  240,20180414,   40
  240,20180415,   50
  240,20180416,   80
  240,20180417,   80
  240,20180418,   50
  240,20180419,   60
  240,20180420,   60
  240,20180421,   50
  240,20180422,   90
  240,20180423,   80
  240,20180424,  100
  240,20180425,  120
  240,20180426,  100
  240,20180427,   60
  240,20180428,   70
  240,20180429,  100
  240,20180430,  110
  240,20180501,  160
  240,20180502,  100
  240,20180503,   50
  240,20180504,   40
  240,20180505,   60
  240,20180506,   40
  240,20180507,   40
  240,20180508,   40
  240,20180509,   60
  240,20180510,   90
  240,20180511,   40
  240,20180512,   50
  240,20180513,   60
  240,20180514,   60
  240,20180515,   60
  240,20180516,   90
  240,20180517,   80
  240,20180518,   60
  240,20180519,   30
  240,20180520,   50
  240,20180521,   60
  240,20180522,   60
  240,20180523,   60
  240,20180524,   60
  240,20180525,   50
  240,20180526,   60
  240,20180527,   60
  240,20180528,   50
  240,20180529,   60
  240,20180530,   40
  240,20180531,   70
  240,20180601,   60
  240,20180602,   60
  240,20180603,   50
  240,20180604,   50
  240,20180605,   60
  240,20180606,   50
  240,20180607,   50
  240,20180608,   40
  240,20180609,   50
  240,20180610,   50
  240,20180611,   60
  240,20180612,   70
  240,20180613,   70
  240,20180614,  110
  240,20180615,   50
  240,20180616,   80
  240,20180617,   70
  240,20180618,   90
  240,20180619,   70
  240,20180620,   90
  240,20180621,  110
  240,20180622,  110
  240,20180623,   50
  240,20180624,   70
  240,20180625,   60
  240,20180626,   50
  240,20180627,   60
  240,20180628,   60
  240,20180629,   60
  240,20180630,   70
  240,20180701,   90
  240,20180702,   80
  240,20180703,   60
  240,20180704,   40
  240,20180705,   50
  240,20180706,   40
  240,20180707,   50
  240,20180708,   60
  240,20180709,   60
  240,20180710,   80
  240,20180711,   80
  240,20180712,   60
  240,20180713,   50
  240,20180714,   50
  240,20180715,   40
  240,20180716,   50
  240,20180717,   80
  240,20180718,   50
  240,20180719,   70
  240,20180720,   60
  240,20180721,   80
  240,20180722,   70
  240,20180723,   40
  240,20180724,   60
  240,20180725,   50
  240,20180726,   40
  240,20180727,   70
  240,20180728,  120
  240,20180729,  100
  240,20180730,   70
  240,20180731,  110
  240,20180801,   40
  240,20180802,   50
  240,20180803,   60
  240,20180804,   80
  240,20180805,   50
  240,20180806,   40
  240,20180807,   70
  240,20180808,  100
  240,20180809,  100
  240,20180810,  100
  240,20180811,   90
  240,20180812,   80
  240,20180813,   70
  240,20180814,   70
  240,20180815,   80
  240,20180816,   80
  240,20180817,   50
  240,20180818,   70
  240,20180819,   90
  240,20180820,   50
  240,20180821,   30
  240,20180822,   60
  240,20180823,   80
  240,20180824,  100
  240,20180825,   80
  240,20180826,  110
  240,20180827,  100
  240,20180828,   40
  240,20180829,   60
  240,20180830,   60
  240,20180831,   40
  240,20180901,   40
  240,20180902,   50
  240,20180903,   50
  240,20180904,   40
  240,20180905,   50
  240,20180906,   50
  240,20180907,   90
  240,20180908,   80
  240,20180909,   80
  240,20180910,   80
  240,20180911,  110
  240,20180912,   60
  240,20180913,   40
  240,20180914,   80
  240,20180915,   70
  240,20180916,   70
  240,20180917,   50
  240,20180918,  110
  240,20180919,  110
  240,20180920,   90
  240,20180921,  130
  240,20180922,   90
  240,20180923,   50
  240,20180924,   80
  240,20180925,   30
  240,20180926,   80
  240,20180927,   60
  240,20180928,   60
  240,20180929,   30
  240,20180930,   60
  240,20181001,   90
  240,20181002,  100
  240,20181003,   60
  240,20181004,   70
  240,20181005,   50
  240,20181006,   80
  240,20181007,   70
  240,20181008,   70
  240,20181009,   50
  240,20181010,   50
  240,20181011,   70
  240,20181012,   80
  240,20181013,   70
  240,20181014,   80
  240,20181015,   60
  240,20181016,   40
  240,20181017,   50
  240,20181018,   50
  240,20181019,   40
  240,20181020,   40
  240,20181021,   50
  240,20181022,   60
  240,20181023,  110
  240,20181024,   90
  240,20181025,   60
  240,20181026,   70
  240,20181027,   60
  240,20181028,   80
  240,20181029,   80
  240,20181030,  110
  240,20181031,   90
  240,20181101,   70
  240,20181102,   80
  240,20181103,   60
  240,20181104,   50
  240,20181105,   50
  240,20181106,   50
  240,20181107,   80
  240,20181108,   60
  240,20181109,   70
  240,20181110,   90
  240,20181111,   90
  240,20181112,   60
  240,20181113,  100
  240,20181114,   60
  240,20181115,   40
  240,20181116,   40
  240,20181117,   60
  240,20181118,   80
